Timestamp	TOTUSJH	TOTBSQ	TOTPOT	TOTUSJZ	ABSNJZH	SAVNCPP	USFLUX	TOTFZ	MEANPOT	EPSZ	MEANSHR	SHRGT45	MEANGAM	MEANGBT	MEANGBZ	MEANGBH	MEANJZH	TOTFY	MEANJZD	MEANALP	TOTFX	EPSY	EPSX	R_VALUE	CRVAL1	CRLN_OBS	LAT_MIN	LON_MIN	LAT_MAX	LON_MAX	QUALITY	NOAA_AR	IS_TMFI	BFLARE	BFLARE_label	CFLARE	CFLARE_label	MFLARE	MFLARE_label	XFLARE	XFLARE_label	BFLARE_loc	BFLARE_label_loc	CFLARE_loc	CFLARE_label_loc	MFLARE_loc	MFLARE_label_loc	XFLARE_loc	XFLARE_label_loc	XR_MAX	XR_QUAL
2013-12-11 08:12:00	525.2689465831595	3505591731.6176004	2.482756575991872e+22	11322888288574.947	33.72524778965844	2048742032741.7288	6.270611832758151e+21	-2.409510918799208e+24	1844.5817808539373	-0.517553309101287	21.863831383140067	3.3152442032560434	32.972122432487105	144.39903151414043	146.68619410298743	67.06341914431583	0.003327930510130101	-8.023869440081079e+23	0.3962268328203316	0.012679878464794242	-5.516260323395489e+23	0.1723495066202154	0.11848706565149138	0.0	108.979515	101.644463	-22.529692	-4.1750300000000005	-7.087751	19.735855	0.0		True	0.0	None	0.0	None	0.0	None	0.0	None	0.0	None	0.0	None	0.0	None	0.0	None	1.4834999999999999e-06	12
2013-12-11 08:24:00	516.7544681370439	3478615828.8884	2.483168884924453e+22	11244838840755.713	46.27401628294925	2248548728396.638	6.227104815855721e+21	-2.3609472353781443e+24	1851.6476172992584	-0.5110545528255381	21.87152994197141	3.129332541097247	33.13287487109984	144.9551970314064	146.71821749319642	67.35548848708524	0.004582493194984081	-8.120000877615994e+23	0.4364667986901979	0.017606805966837287	-5.928790201645497e+23	0.17576688522597864	0.12833557564928286	0.0	108.982887	101.535484	-22.529953	-4.050992	-7.0881940000000005	19.838842	0.0		True	0.0	None	0.0	None	0.0	None	0.0	None	0.0	None	0.0	None	0.0	None	0.0	None	1.4738999999999996e-06	12
2013-12-11 08:36:00	520.9025831352876	3507188204.8543005	2.49588290737034e+22	11178085365905.82	49.19297040783946	3066580418523.3857	6.232247470482817e+21	-2.3882120777641585e+24	1878.6161261259606	-0.5127448897457748	21.779196551371182	3.1787285085965613	33.088801690300485	146.35193688425431	147.4350863275629	68.9794117643073	0.0049173301087404465	-8.335859249983245e+23	0.6008546305309292	0.01854420743004619	-5.829416528375015e+23	0.1789694169904052	0.12515653709959235	0.0	108.986298	101.426498	-22.529654	-3.927371	-7.088089	19.960621	0.0		True	0.0	None	0.0	None	0.0	None	0.0	None	0.0	None	0.0	None	0.0	None	0.0	None	1.2543e-06	12
2013-12-11 08:48:00	529.5210028132628	3571478892.8439	2.5429789667945e+22	11474135774074.352	41.71483201711735	2816751463671.636	6.383853814722973e+21	-2.431282661098195e+24	1857.0753226912	-0.5125956340527971	21.754148613345198	3.1907671418873047	33.09129148569356	146.5528244028545	147.21600872065625	69.25677513121639	0.004045663079926035	-8.454843601596207e+23	0.5354775487896232	0.01544363626451141	-6.175191137606036e+23	0.17825635768816114	0.13019366555876302	0.0	108.989639	101.31749	-22.53018	-3.805197	-7.088767999999999	20.061394	0.0		True	0.0	None	0.0	None	0.0	None	0.0	None	0.0	None	0.0	None	0.0	None	0.0	None	1.2708e-06	12
2013-12-11 09:00:00	520.7997162714789	3544455037.8427	2.5809947019087054e+22	11382840926423.484	43.03994818985333	3083106995148.768	6.361054414140542e+21	-2.379433337940924e+24	1878.4613089415266	-0.5054889726316831	21.797677793556343	3.0639860815774216	33.21007974624289	145.93872741995534	146.43836059559973	69.04111660346972	0.004160056851909271	-8.45247732132747e+23	0.5841372071972155	0.01613149750021841	-6.137154287709306e+23	0.17956519349467498	0.13037826134103395	0.0	108.993027	101.208473	-22.53145	-3.680972	-7.090151	20.180546	0.0		True	0.0	None	0.0	None	0.0	None	0.0	None	0.0	None	0.0	None	0.0	None	0.0	None	1.2243e-06	12
2013-12-11 09:12:00	511.52948931000503	3561271567.085901	2.611032701401683e+22	11367788375950.61	33.82422116871069	2303816157551.665	6.399422754877022e+21	-2.3637495403161912e+24	1864.2838549082128	-0.4997857387060559	22.11381768156961	3.3662051962829507	33.558836567343356	145.62667355179624	145.43847310943173	68.85421455679526	0.003207303353755993	-8.866537541833338e+23	0.4282172773404602	0.012665533533032668	-6.149513696326328e+23	0.18747202017508927	0.13002389605923892	0.0	108.996323	101.099426	-22.531582	-3.557363	-7.1201539999999985	20.285604	0.0		True	0.0	None	0.0	None	0.0	None	0.0	None	0.0	None	0.0	None	0.0	None	0.0	None	1.3169999999999998e-06	12
2013-12-11 09:24:00	521.08174102064	3571036067.7168	2.592323227814619e+22	11457665160004.225	30.57373450460291	3814658656807.756	6.433458991426269e+21	-2.3817632409518207e+24	1828.7297162244668	-0.502217591494634	22.11979011698461	3.522578227468616	33.5739285627669	145.0600304948112	144.29495738203101	69.20696060472163	0.0028645867614169322	-8.748800417540838e+23	0.7005490480291835	0.01139883940580782	-6.124040597067346e+23	0.18447683626222725	0.12913126149538795	0.0	108.999664	100.990364	-22.531815	-3.434967	-7.090992	20.385027	0.0		True	0.0	None	0.0	None	0.0	None	0.0	None	0.0	None	0.0	None	0.0	None	0.0	None	1.2819e-06	12
2013-12-11 09:36:00	512.9594744570692	3527686447.3049	2.5422691829338174e+22	11328411905319.664	42.97987902264643	3589796633410.6934	6.351997898402984e+21	-2.3717781148522687e+24	1827.141220542315	-0.506257659622928	21.91352802899421	3.3024720817027773	33.28148295698672	146.5405871888179	145.46923241987733	69.63522619615088	0.004102699410332801	-8.749270883745408e+23	0.6716594243149483	0.016177909259560152	-6.349007736095767e+23	0.18675378498835127	0.1355200040541698	0.0	109.002975	100.881271	-22.532078	-3.314318	-7.091424000000001	20.511906	0.0		True	0.0	None	0.0	None	0.0	None	0.0	None	0.0	None	0.0	None	0.0	None	0.0	None	1.1586e-06	12
2013-12-11 09:48:00	517.5978184717376	3545423294.7126	2.5805360555445505e+22	11511792633302.635	45.364630486492175	3477670393860.957	6.409270251659233e+21	-2.3778258411537387e+24	1835.8937131311486	-0.5050093081720838	21.92947630101623	3.1934996220710508	33.2044459828159	146.4252856799182	145.00276116302382	70.08171281409655	0.0042861517844380356	-8.841277868086278e+23	0.644111743404164	0.017003569214457212	-6.436312328558483e+23	0.1877735342195201	0.13669620289127887	0.0	109.006203	100.772156	-22.53277000000001	-3.2223740000000003	-7.0919690000000015	20.640114	0.0		True	0.0	None	0.0	None	0.0	None	0.0	None	0.0	None	0.0	None	0.0	None	0.0	None	1.1352e-06	12
2013-12-11 10:00:00	499.7963753647454	3522048702.0385	2.564389633999916e+22	11158645951680.996	40.3508879752821	3700753288975.568	6.360917231181654e+21	-2.3550419846965784e+24	1834.2854315229856	-0.5034899706706315	22.01801126201778	2.9068110572812764	33.408442287227395	145.4472109059023	143.67129315804792	70.03851143953909	0.003833085207113337	-8.895329297269746e+23	0.6891520475230857	0.015240078347519243	-6.385253395687938e+23	0.1901753393821124	0.1365118357044355	0.0	109.00946	100.66301	-22.533794	-3.102026	-7.093075999999999	20.76878	0.0		True	0.0	None	0.0	None	0.0	None	0.0	None	0.0	None	0.0	None	0.0	None	0.0	None	1.0313e-06	12
2013-12-11 10:12:00	490.8380759638659	3453340054.2847	2.497146513467716e+22	10936443232373.012	50.01375332234951	4201716569736.342	6.259111281141803e+21	-2.331885637506287e+24	1821.3082988068275	-0.5084582984581866	21.854242935041565	3.167376985664472	33.22036473142701	146.60352307723855	145.04237248198194	69.26479864100786	0.0048444162458688034	-8.739881156725199e+23	0.7978390977425334	0.019202014307311496	-6.516356428526424e+23	0.19056959870585768	0.14208653496999285	0.0	109.012642	100.553841	-22.535784	-2.981659	-7.095147	20.897854	0.0		True	0.0	None	0.0	None	0.0	None	0.0	None	0.0	None	0.0	None	0.0	None	0.0	None	9.462799999999998e-07	12
2013-12-11 10:24:00	496.20467983016533	3451392238.4938	2.4447722431983584e+22	11042500408861.387	42.50553601474636	4701582597849.267	6.28335099553665e+21	-2.3703144907016603e+24	1776.9129947666324	-0.5171293249610193	21.839476858738607	3.532818532818533	33.03096364243025	145.58929944795364	144.26253252100153	68.37162724483834	0.004102850966674359	-8.628190418897214e+23	0.8896687283272695	0.01623523471745764	-6.503270594996572e+23	0.1882404341053765	0.14188125440830845	0.0	109.015831	100.444633	-22.536293	-2.888771	-7.095874	20.995634	0.0		True	0.0	None	0.0	None	0.0	None	0.0	None	0.0	None	0.0	None	0.0	None	0.0	None	9.1743e-07	12
2013-12-11 10:36:00	500.6682471963072	3481691166.4026003	2.445619643239204e+22	11227243716907.234	38.470072021951694	5007763149339.871	6.390803346535567e+21	-2.3996578519983248e+24	1728.6396988686386	-0.5189751624066534	21.6629286310502	3.2291373322068897	33.04219569300206	145.17678393536457	143.71575204547452	68.30501185804509	0.003611196097057326	-8.924800794358122e+23	0.9215597110308148	0.014548294266192162	-6.375030590045972e+23	0.19301709774341064	0.13787309441057768	0.0	109.018951	100.335403	-22.534792000000003	-2.76725	-7.094664	21.125608	0.0		True	0.0	None	0.0	None	0.0	None	0.0	None	0.0	None	0.0	None	0.0	None	0.0	None	9.7993e-07	12
2013-12-11 10:48:00	487.04878638613286	3403273571.4598	2.404758594542252e+22	10891847651766.443	37.721895527351066	4155296740189.892	6.268435118624423e+21	-2.337115227248838e+24	1728.1464795876834	-0.5170954583464603	21.721872397698984	2.977667493796526	32.975155221592146	144.84829470758086	143.67809624445337	67.38264819890372	0.003600104555005828	-8.529451792605996e+23	0.7774690507928559	0.014612136959449162	-6.527111467148258e+23	0.18871730125748032	0.14441477495127827	0.0	109.022079	100.226128	-22.53314	-2.646553	-7.093349000000001	21.224581	0.0		True	0.0	None	0.0	None	0.0	None	0.0	None	0.0	None	0.0	None	0.0	None	0.0	None	8.8061e-07	12
2013-12-11 11:00:00	489.1624981535557	3415739150.3179	2.4123763036820404e+22	10916686408383.355	40.356888876997616	4656133472255.088	6.319207932907669e+21	-2.389641720308778e+24	1733.7863838302915	-0.5267876349558585	21.65959319682053	3.1306671757182403	32.552079649969144	144.32863408081042	142.88613160020248	66.82354819170229	0.003851950832967226	-8.356840973890696e+23	0.8712765862959837	0.015476913062457544	-6.612594440737589e+23	0.1842234530358489	0.14577218654804452	0.0	109.025131	100.116829	-22.533587	-2.526814	-6.8553570000000015	21.351234	0.0		True	0.0	None	0.0	None	0.0	None	0.0	None	0.0	None	0.0	None	0.0	None	0.0	None	8.5366e-07	12
2013-12-11 11:12:00	494.9713849932346	3480094140.3521	2.463578838820487e+22	11211051057976.65	43.78854931733893	5256948434004.856	6.503390314115412e+21	-2.4111135781728795e+24	1685.1771483061414	-0.5216920200677709	21.831806361138035	3.3975290697674416	32.93541647636705	141.60067812301858	139.9800894250501	65.89164249270985	0.003977884203973377	-8.480864380925906e+23	0.9362701682366512	0.016537611977867798	-6.893978752077005e+23	0.1835002428279971	0.14916483960082733	0.0	109.028183	100.007484	-22.534941	-2.407425	-6.827125	21.47715	0.0		True	0.0	None	0.0	None	0.0	None	0.0	None	0.0	None	0.0	None	0.0	None	0.0	None	8.4111e-07	12
2013-12-11 11:24:00	492.15890505881964	3453656739.7841	2.4414571320889993e+22	11041818406482.082	43.24198213756546	4395979452903.4717	6.419011646816899e+21	-2.4308661157601073e+24	1723.4327802194775	-0.5299921172860755	21.632798487339677	3.149901565576076	32.41782418367711	143.88285136203868	142.60039478724727	66.61209630541683	0.0040538091438610145	-8.57616023428628e+23	0.8079746488629689	0.01636692999096857	-6.928365837025549e+23	0.1869826269445844	0.15105641793643138	0.0	109.031204	99.898102	-22.503487	-2.315575	-6.8274940000000015	21.576456	0.0		True	0.0	None	0.0	None	0.0	None	0.0	None	0.0	None	0.0	None	0.0	None	0.0	None	8.4208e-07	12
2013-12-11 11:36:00	496.03811694987724	3467865885.3584003	2.463429773095909e+22	11034236682404.648	36.855975623157526	4492567658798.345	6.409731860044643e+21	-2.421625161206808e+24	1742.3734379882635	-0.5258139992222762	21.690124130999642	3.109148976141274	32.66950243950882	144.2785283630061	142.7888034115323	67.40323243096738	0.003461955252973655	-8.818370839960588e+23	0.8273726026856048	0.013930734621106118	-7.116879663350234e+23	0.1914756632142869	0.15453072662595665	0.0	109.034126	99.788673	-22.503431	-2.193939	-6.708148	21.702984	0.0		True	0.0	None	0.0	None	0.0	None	0.0	None	0.0	None	0.0	None	0.0	None	0.0	None	8.712799999999998e-07	12
2013-12-11 11:48:00	497.5320912083069	3476193646.558	2.4219085387385717e+22	11077117270578.004	48.96189964036919	4759112703692.923	6.430125634703877e+21	-2.4428024288564567e+24	1714.4546071719103	-0.5291414627316591	21.201251860200134	2.660524583999248	32.5117028501921	145.57029578092374	144.15979713110755	66.92851891042532	0.004602980129770536	-8.690382853048105e+23	0.8772198500910322	0.01842199368865926	-7.289541537945228e+23	0.18824452768833447	0.15790055824683236	0.0	109.037064	99.679214	-22.505747	-2.073053	-6.680714	21.805586	0.0		True	0.0	None	0.0	None	0.0	None	0.0	None	0.0	None	0.0	None	0.0	None	0.0	None	1.7481999999999996e-06	12
2013-12-11 12:00:00	485.16149206343766	3430954489.7837	2.41656071435754e+22	10904678881556.617	47.81681745027435	4528315130246.347	6.391776116879787e+21	-2.407915515110114e+24	1702.0285705795416	-0.5284619856563607	21.54819800439345	2.993171826770181	32.56232820291427	143.86118286027175	142.3136129009752	66.05052576183374	0.004472623463686685	-8.855932460867216e+23	0.8304793807063057	0.01823648206191796	-7.04423046070211e+23	0.1943599608765548	0.15459878028625199	0.0	109.039917	99.569717	-22.505529	-1.980714	-6.680675999999999	21.931078	0.0		True	0.0	None	0.0	None	0.0	None	0.0	None	0.0	None	0.0	None	0.0	None	0.0	None	1.6966999999999996e-06	12
2013-12-11 12:12:00	483.489378158346	3403597904.3553	2.406417732248948e+22	10868494662691.54	37.6526219715963	4374462222407.063	6.388910103374752e+21	-2.3968667976348987e+24	1685.2690401436691	-0.5302652055458243	21.687111314670528	3.004092261904762	32.49066691153703	141.7542423784136	140.2347566385259	64.56685660151331	0.0035019179661082865	-8.827463660317006e+23	0.7977281762124607	0.01445840109741285	-6.983876981168019e+23	0.19529232233118474	0.15450616473890155	0.0	109.04277	99.460167	-22.504698	-1.861589	-6.680064999999999	22.03187	0.0		True	0.0	None	0.0	None	0.0	None	0.0	None	0.0	None	0.0	None	0.0	None	0.0	None	1.1591e-06	12
2013-12-11 12:24:00	492.13727181968085	3387940688.0655	2.393953514848381e+22	11150923047039.963	49.35512888664125	4013020304599.9985	6.416198221212595e+21	-2.3984720433968097e+24	1659.8672850418454	-0.5330725744894103	21.617191806216244	2.863720073664825	32.30917970179585	141.6318682784414	140.3200110023655	64.0368727797525	0.00454467116819901	-8.536772358214666e+23	0.7245528667420892	0.019004820536507826	-7.119756276527118e+23	0.1897340947271839	0.15824019373143622	0.0	109.045578	99.350578	-22.50316	-1.740827	-6.678829	22.157545	0.0		True	0.0	None	0.0	None	0.0	None	0.0	None	0.0	None	0.0	None	0.0	None	0.0	None	1.0486e-06	12
2013-12-11 12:36:00	486.6820593615845	3383510846.0378	2.347646443557268e+22	11045855908808.047	49.14084178727896	5049035116753.517	6.406607131625325e+21	-2.4061122333623625e+24	1634.5326360063184	-0.535470729311077	21.44283608379572	2.968099861303745	32.357053812427694	141.9802392547665	140.53387554128986	64.30591527071532	0.004543767155550528	-8.470003259767626e+23	0.9154179934284228	0.01891748823297364	-7.307060678018182e+23	0.1884965613776475	0.16261573571366447	0.0	109.048294	99.240944	-22.504015	-1.62041	-6.679794	22.25943	0.0		True	0.0	None	0.0	None	0.0	None	0.0	None	0.0	None	0.0	None	0.0	None	0.0	None	9.8012e-07	12
2013-12-11 12:48:00	484.41012019721177	3405899001.0141	2.371343136779041e+22	10937781771784.213	53.29042598667205	4985884479812.062	6.429316725580489e+21	-2.421165585684648e+24	1650.2686733443259	-0.5352790448283621	21.53668895112589	3.0961182994454712	32.37802515164814	141.14290817533958	139.49723625752588	64.52420046507741	0.00492517800246507	-8.529422312694632e+23	0.9035698294106947	0.02038262432957852	-7.374594813798884e+23	0.18857120122107848	0.16303990488160724	0.0	109.050964	99.131264	-22.503984	-1.5294709999999998	-6.680027000000001	22.384048	0.0		True	0.0	None	0.0	None	0.0	None	0.0	None	0.0	None	0.0	None	0.0	None	0.0	None	9.1444e-07	12
2013-12-11 13:00:00	474.3990807285946	3372012846.4018	2.3838803515596125e+22	10758221906626.344	55.85265935995751	3846437625732.4536	6.381821731940308e+21	-2.37353359661232e+24	1655.3220092130907	-0.5300217689109709	21.718978756533122	3.2275912947251935	32.61824108280963	140.5664302191188	139.23473648248762	63.783100151568576	0.005150558775355726	-8.5853868952641e+23	0.6955447771853331	0.02165145175472383	-7.357439642480905e+23	0.19171592748919453	0.16429525916672205	0.0	109.053642	99.021545	-22.535231	-1.407836	-6.679502	22.487991	0.0		True	0.0	None	0.0	None	0.0	None	0.0	None	0.0	None	0.0	None	0.0	None	0.0	None	1.157e-06	12
2013-12-11 13:12:00	479.14882905004686	3393277452.3988004	2.4093721464629145e+22	10846155461164.396	57.689309647038726	4616349841017.655	6.401630923383441e+21	-2.388899699247952e+24	1682.1753836871635	-0.5301101038249529	21.829095715530983	2.994900324524804	32.41090347933397	141.0973736117392	139.47961299601124	64.76101644777417	0.0053490319561463814	-8.605104273993628e+23	0.8393508908903246	0.022222007165251776	-7.407726793737194e+23	0.19095204045391104	0.16438156951382846	0.0	109.056282	98.911781	-22.535225	-1.286845	-6.679755	22.588495	0.0		True	0.0	None	0.0	None	0.0	None	0.0	None	0.0	None	0.0	None	0.0	None	0.0	None	9.5461e-07	12
2013-12-11 13:24:00	496.83754361011	3446314426.1543	2.443286225138103e+22	11275362379736.494	47.713389675458615	4947030254447.934	6.542982611549402e+21	-2.4360100884820447e+24	1658.6397089963614	-0.5322452048465454	21.62519252897356	2.821853588171656	32.39332940155064	141.26824493954516	139.75502724676966	64.64104353710161	0.004301603829377806	-8.600907845244063e+23	0.8745986063789494	0.01807120438397456	-7.526516736514949e+23	0.18792171590761966	0.1644472845637346	0.0	109.058815	98.801964	-22.53688	-1.194895	-6.681559	22.712475	0.0		True	0.0	None	0.0	None	0.0	None	0.0	None	0.0	None	0.0	None	0.0	None	0.0	None	8.633200000000002e-07	12
2013-12-11 13:36:00	469.4463170801988	3363371025.1902	2.3924906588895925e+22	10687960012714.043	44.48821819571469	4546917225981.945	6.347579912723189e+21	-2.3694659157886968e+24	1682.8722241010498	-0.5304729590982619	21.693976229166022	2.7557216254086883	32.51243032158322	140.7990141452772	139.26852709112356	64.15460343062396	0.004155835422299363	-8.362124120584097e+23	0.8329394411121264	0.017285206351223506	-7.548215411485321e+23	0.18721015132714736	0.16898846860639125	0.0	109.061356	98.692108	-22.536865	-1.0743	-6.681777	22.81534	0.0		True	0.0	None	0.0	None	0.0	None	0.0	None	0.0	None	0.0	None	0.0	None	0.0	None	8.498600000000002e-07	12
2013-12-11 13:48:00	489.26259955033584	3458056339.3767	2.498398197632654e+22	11110773348844.537	54.327954720858095	4574237867884.644	6.511877051658814e+21	-2.443491713516143e+24	1705.586424088665	-0.5320670822818167	21.962716511263768	3.2638259292837715	32.66888536120507	141.04520976283703	139.5887383387762	63.882416072640886	0.00492547186952476	-8.460006728839493e+23	0.8132708452616653	0.020508953719164308	-7.917945647020145e+23	0.1842155253238361	0.17241221710605925	0.0	109.063805	98.582207	-22.536379	-0.98279	-6.681196000000001	22.941418	0.0		True	0.0	None	0.0	None	0.0	None	0.0	None	0.0	None	0.0	None	0.0	None	0.0	None	8.136799999999998e-07	12
2013-12-11 14:00:00	490.72941549697487	3477353529.9329	2.499412079508028e+22	11119253474149.123	50.133291616875155	3777487213638.936	6.517550101983841e+21	-2.43675586044428e+24	1711.08726314301	-0.5276557429599359	21.830971702630357	3.2002909355395945	32.69427454863394	141.83008166484112	140.1807057770157	65.04978949593253	0.004557986327563884	-8.382055470688404e+23	0.6735199656383815	0.01887477888710161	-8.082596147740856e+23	0.1815052455074877	0.175020745599181	0.0	109.066269	98.472267	-22.535759	-0.861864	-6.531799	23.042665	0.0		True	0.0	None	0.0	None	0.0	None	0.0	None	0.0	None	0.0	None	0.0	None	0.0	None	1.2947e-06	12
2013-12-11 14:12:00	490.50702528274513	3473362245.7331004	2.494390239818607e+22	11121284358817.09	35.29019103484815	4786031171931.801	6.513379190130096e+21	-2.4397982525522705e+24	1707.0284868663273	-0.5289216203088392	21.873858192737647	3.0173589021176044	32.668766238262876	141.830542539084	139.91145700487897	64.74038441944373	0.003207324460133432	-8.562567810102252e+23	0.8530485164189103	0.013290725966022114	-8.135831693026238e+23	0.1856271204139886	0.17637594736096945	0.0	109.068672	98.362274	-22.535536	-0.771042	-6.531777	23.145229	0.0		True	0.0	None	0.0	None	0.0	None	0.0	None	0.0	None	0.0	None	0.0	None	0.0	None	1.2078000000000001e-06	12
2013-12-11 14:24:00	480.5575924592813	3478704244.939	2.5014486057201563e+22	10866177986146.217	37.833126720763175	5223095008732.576	6.463217988745036e+21	-2.443592060025976e+24	1739.8468417054312	-0.5289305547680627	21.797141618635088	3.1313504526140767	32.76799618661936	142.52191941202332	140.97416010296638	64.94415122015083	0.003494977064273735	-8.37536694067215e+23	0.9461885986001248	0.01422726490414496	-8.246608393076328e+23	0.18128997694765472	0.17850291886520772	0.0	109.070992	98.252243	-22.535593	-0.650791	-6.502235	23.269005	0.0		True	0.0	None	0.0	None	0.0	None	0.0	None	0.0	None	0.0	None	0.0	None	0.0	None	8.9807e-07	12
2013-12-11 14:36:00	487.7480278225081	3514454180.0687003	2.509878522574869e+22	10818317561327.443	39.00677980783978	4154824899857.807	6.475619444144616e+21	-2.471763127493486e+24	1766.5974626967193	-0.5295859533870256	21.734498396705842	3.2155543092166763	32.61903840262316	143.7715355600913	142.31633393028946	66.05341973814646	0.003646174968016432	-8.404922402707115e+23	0.7616866002550751	0.014512369323543075	-8.391643291253546e+23	0.18007910200907176	0.17979459129600833	0.0	109.073318	98.142166	-22.536028	-0.529884	-6.50286	23.369976	0.0		True	0.0	None	0.0	None	0.0	None	0.0	None	0.0	None	0.0	None	0.0	None	0.0	None	7.8337e-07	12
2013-12-11 14:48:00	490.0930604548943	3525043527.6961	2.567629588519344e+22	10955494316492.053	39.34640066268996	4338815151715.056	6.463381853473163e+21	-2.4470413888294874e+24	1810.4614809433435	-0.522714244213881	21.954877623001668	3.296188781721135	32.84942318557453	145.98089075739392	143.89588252993798	67.73028371212294	0.003684464899587036	-8.338198219816692e+23	0.7968469289455009	0.01466061237705594	-8.684511421976515e+23	0.1781128427362581	0.1855104635756364	0.0	109.075546	98.032043	-22.535896	-0.438652	-6.4732059999999985	23.496826	0.0		True	0.0	None	0.0	None	0.0	None	0.0	None	0.0	None	0.0	None	0.0	None	0.0	None	7.426699999999998e-07	12
2013-12-11 15:00:00	495.91434220364715	3562606542.361901	2.5759481340896943e+22	11137610591673.758	43.92177840682761	4228061905916.956	6.556470177302029e+21	-2.4658840081996744e+24	1785.7264579650198	-0.5211855909620914	21.806160275864617	3.1485914196280613	32.77104889282151	146.49087900347016	144.48033856957076	67.85158010325593	0.004043617971536329	-8.285932644759088e+23	0.7634382760464639	0.016209135324963233	-8.78270354068789e+23	0.17513024488462312	0.18562992094831798	0.0	109.077789	97.92189	-22.536646	-0.317858	-6.324862	23.60026	0.0		True	0.0	None	0.0	None	0.0	None	0.0	None	0.0	None	0.0	None	0.0	None	0.0	None	7.4393e-07	12
2013-12-11 15:12:00	509.99604379460084	3615998553.8608	2.666241637447562e+22	11423574609205.21	42.74880554642896	3546546355337.328	6.664062727704533e+21	-2.523826577011508e+24	1825.9622696225656	-0.5255557451385965	22.0571102754914	3.428831286948613	32.68068162945923	145.61961330602037	143.92435862460238	67.38130036917455	0.0038880223325537923	-8.351582077072045e+23	0.632645484533469	0.015498784876705031	-8.91335909985053e+23	0.1739113923904817	0.18560970575707167	0.0	109.079941	97.811691	-22.505291	-0.2258280000000001	-6.295563	23.700338	0.0		True	0.0	None	0.0	None	0.0	None	0.0	None	0.0	None	0.0	None	0.0	None	0.0	None	7.356100000000002e-07	12
2013-12-11 15:24:00	514.5307755513952	3671652168.1353	2.660103338805108e+22	11436318087132.988	44.133060099823005	3370439157579.9053	6.735658642810064e+21	-2.5768650355488993e+24	1819.441762533276	-0.5284667449132394	21.64213817684598	2.9248796439276954	32.457289170959704	147.32908556963434	145.81235381448238	68.2789727796724	0.004008816431994096	-8.556767451773554e+23	0.6004765848709145	0.01572810903677976	-9.106913699036142e+23	0.17548327055689586	0.18676573946800684	0.0	109.082108	97.701454	-22.536026	-0.106367	-6.294815	23.820494	0.0		True	0.0	None	0.0	None	0.0	None	0.0	None	0.0	None	0.0	None	0.0	None	0.0	None	7.6241e-07	12
2013-12-11 15:36:00	525.4924578420603	3720994896.010901	2.690652919319912e+22	11659763231645.518	44.75591886671444	3760224294952.244	6.822659322864038e+21	-2.605978676272894e+24	1814.4609435330576	-0.5273504874174253	21.680214402385502	2.749417875694072	32.440963043234234	146.85730287374352	145.51924370205003	67.98561152974048	0.004008591031501517	-8.56372906302764e+23	0.6605121617843842	0.015751083942634726	-9.399437836162856e+23	0.17329714692667267	0.19020869853929687	0.0	109.084183	97.591179	-22.50423	0.013766	-6.294922	23.926098	0.0		True	0.0	None	0.0	None	0.0	None	0.0	None	0.0	None	0.0	None	0.0	None	0.0	None	7.538500000000002e-07	12
2013-12-11 15:48:00	536.1706187987206	3759978610.5266	2.7288540923996047e+22	11864557814453.994	37.81853384471285	2318069487247.2666	6.889868526296597e+21	-2.6469068263835944e+24	1832.3451416347505	-0.5300792415912867	21.753128265832604	2.5682182985553768	32.29282439653538	146.6179995117981	145.06534582546047	68.25047132443177	0.0033724392584905337	-8.626635169537898e+23	0.3796818774712944	0.013147264073426713	-9.644054000275396e+23	0.17276015092684913	0.19313535253207065	0.0	109.086266	97.480865	-22.504824	0.104726	-6.2956650000000005	24.02783	0.0		True	0.0	None	0.0	None	0.0	None	0.0	None	0.0	None	0.0	None	0.0	None	0.0	None	7.3959e-07	12
2013-12-11 16:00:00	528.7282778089134	3753073461.1852	2.7019119569450767e+22	11659941668143.045	39.846795798345866	3314759774725.4746	6.846628916871237e+21	-2.644033813832444e+24	1837.356331836816	-0.5304780723347412	21.752328313886856	2.8266955657906623	32.287135074599554	146.86408214902633	145.90313063474028	67.86673022930779	0.0035985546643498485	-8.39548439213098e+23	0.5871713881619637	0.013874240645332088	-9.886136957784412e+23	0.16844037142621354	0.19834764777842065	0.0	109.088318	97.370514	-22.53544	0.22635	-6.294932	24.130505	0.0		True	0.0	None	0.0	None	0.0	None	0.0	None	0.0	None	0.0	None	0.0	None	0.0	None	7.557699999999998e-07	12
2013-12-11 16:12:00	537.5618645560763	3776354793.6112	2.7247151852236604e+22	11909050004919.352	33.56063983867875	2003545660691.9185	6.913052540990876e+21	-2.6462493598602554e+24	1827.7728788816528	-0.5276493922402753	21.793413102573734	2.89532293986637	32.461631593726565	146.07295936593127	145.38535296658526	67.79042091206307	0.0029898120123544552	-8.284810342186719e+23	0.28549056358823444	0.011634929231733116	-1.0117298502498943e+24	0.16519513271083494	0.2017340650859497	0.0	109.090279	97.260132	-22.505678	0.34691700000000003	-6.29676	24.252575	0.0		True	0.0	None	0.0	None	0.0	None	0.0	None	0.0	None	0.0	None	0.0	None	0.0	None	7.5488e-07	12
2013-12-11 16:24:00	533.3664493608562	3813547357.6574	2.7573393290259767e+22	11784458103652.686	32.3283078298675	1610380388184.0176	6.963076445065547e+21	-2.70006067079504e+24	1848.9987953517816	-0.5331284680583348	21.83142159723288	3.0724018167245526	32.19963801882338	145.47206471769096	145.1213171541109	67.30139508120659	0.002879001498785956	-8.304300433621852e+23	0.2550673118296615	0.011058730552943962	-1.0150816937856937e+24	0.16396886989837028	0.20042844007748828	0.0	109.092262	97.149712	-22.506704	0.466108	-6.297928	24.355358	0.0		True	0.0	None	0.0	None	0.0	None	0.0	None	0.0	None	0.0	None	0.0	None	0.0	None	7.5895e-07	12
2013-12-11 16:36:00	556.6102118360326	3894593163.6076	2.7907289280104576e+22	12147011071240.7	33.17855408869878	2430966098938.6206	7.105804443452993e+21	-2.7898580761922053e+24	1848.1817539053175	-0.5393957278275701	21.687498332574787	3.007915567282322	31.95798126878761	146.56494301558368	146.6636962385483	67.77996716314833	0.0029185920204696323	-8.096631214384482e+23	0.3503512920850431	0.01106906117315345	-1.053327839474924e+24	0.15654159342740193	0.2036521289248104	0.0	109.094177	97.039276	-22.506136	0.5570229999999999	-6.2975660000000016	24.457401	0.0		True	0.0	None	0.0	None	0.0	None	0.0	None	0.0	None	0.0	None	0.0	None	0.0	None	8.0354e-07	12
2013-12-11 16:48:00	557.2187241094258	3862329083.9548	2.7841421591267523e+22	12186934283940.385	16.927769487417947	1403701182361.0688	7.073886769193236e+21	-2.7728275042365104e+24	1849.8394303878365	-0.5405813933311215	21.851505456726127	3.3795111620930025	31.843462291718172	145.589472134395	146.1958582317702	66.27955190148487	0.0014936706509677882	-7.92467934562713e+23	0.1307539386248803	0.005689784389019821	-1.0544172154979124e+24	0.15449696008194502	0.20556573628734626	0.0	109.0961	96.928802	-22.505379	0.679277	-6.297033	24.558519	0.0		True	0.0	None	0.0	None	0.0	None	0.0	None	0.0	None	0.0	None	0.0	None	0.0	None	8.047199999999998e-07	12
2013-12-11 17:00:00	557.9362062492298	3836125195.4825	2.7077270625153427e+22	12066672083907.355	21.76031345832556	1155837703815.4072	7.034849949055468e+21	-2.7927670352860527e+24	1823.688304563849	-0.5481879289834279	21.5656105156152	3.2379248658318427	31.50013248096149	144.8256728396094	145.95013688832984	65.84423993462809	0.0019465348831134766	-7.480504846663128e+23	0.15720436497232865	0.007328984095484521	-1.0437554275895777e+24	0.1468336745539799	0.20487714119589545	0.0	109.097946	96.818298	-22.505037	0.7708	-6.296915	24.68321	0.0		True	0.0	None	0.0	None	0.0	None	0.0	None	0.0	None	0.0	None	0.0	None	0.0	None	8.257800000000002e-07	12
2013-12-11 17:12:00	553.5225669392679	3795433271.7292	2.68705931746465e+22	12171368458223.02	5.090132196267092	1128969272050.2124	7.028929545245981e+21	-2.7751173848585537e+24	1793.0882688080953	-0.5505635944958045	21.740099555602256	3.287841191066997	31.485639545196786	143.17941416499912	144.84291384335873	64.38228724725924	0.00045109289226046543	-7.269453905028282e+23	0.19625902528023986	0.00172984867731522	-1.027333087885582e+24	0.14422080643547008	0.20381559378238312	0.0	109.099831	96.707779	-22.506638	0.8909540000000001	-6.268725	24.785564	0.0		True	0.0	None	0.0	None	0.0	None	0.0	None	0.0	None	0.0	None	0.0	None	0.0	None	8.2852e-07	12
2013-12-11 17:24:00	558.8128217310998	3748653983.0002	2.6413207891899924e+22	12249885193162.994	12.898555273421426	1632848424513.5403	6.990204203446894e+21	-2.765447969110796e+24	1770.2538101219955	-0.5554917351817608	21.641942223565632	3.408989764129951	31.27444539061369	142.00843091766296	144.13366270186225	62.698866101291685	0.0011480690051999488	-7.242920798169423e+23	0.2850935990366466	0.004424131241636265	-1.0123379767160047e+24	0.14548755524960674	0.20334693892548025	0.0	109.101631	96.597229	-22.506516	1.011077	-6.268768	24.887369	0.0		True	0.0	None	0.0	None	0.0	None	0.0	None	0.0	None	0.0	None	0.0	None	0.0	None	8.176600000000002e-07	12
2013-12-11 17:36:00	559.66155579532	3705632459.9382	2.59434362824686e+22	12168350793422.705	25.55852012849199	1052223616788.2708	6.916218568836402e+21	-2.7552873016850216e+24	1764.0481589898557	-0.5598761997240278	21.567906664640816	3.0973451327433628	31.19457510488957	143.08458518366078	145.66069779864418	62.41167587259124	0.0023081838822805014	-7.052759124679975e+23	0.12528957509473365	0.008844428065471267	-1.0091525271238623e+24	0.1433125312877513	0.20506046011335208	0.0	109.103455	96.486656	-22.506374	1.102227	-6.268791	24.989103	0.0		True	0.0	None	0.0	None	0.0	None	0.0	None	0.0	None	0.0	None	0.0	None	0.0	None	8.228399999999998e-07	12
2013-12-11 17:48:00	566.974218529288	3709923623.4272	2.6536018348379988e+22	12372880830136.855	32.94166215771956	2070362025983.2173	6.971621960380598e+21	-2.79897408052674e+24	1789.4749017218014	-0.568095545847659	22.011959331921616	3.5375246283360204	30.86982592832395	140.7763849385019	143.24041988561268	61.20240065678444	0.002950175726107788	-7.07664199392941e+23	0.30459365946328504	0.011324994883083549	-1.0038770152871798e+24	0.14363151214152114	0.203752533805588	0.0	109.10527	96.376068	-22.50806	1.223262	-6.27046	25.09029	0.0		True	0.0	None	0.0	None	0.0	None	0.0	None	0.0	None	0.0	None	0.0	None	0.0	None	8.607099999999998e-07	12
2013-12-11 18:00:00	579.3423754768456	3765046808.9686	2.6427774018357345e+22	12614824430809.414	37.96573365257967	2347026255449.757	7.118377160576217e+21	-2.882430194336054e+24	1744.2170744612658	-0.5764689866425778	21.73644625062064	3.4095889210272596	30.57842126230255	141.2321734834939	144.03980572705782	60.20217913356488	0.0033277003815040465	-7.106283507186736e+23	0.3628117153397813	0.012792810918161078	-1.021785752280248e+24	0.14212146612370646	0.2043511056539209	0.0	109.107018	96.265465	-22.508036	1.31588	-6.270579	25.191858	66560.0		False	0.0	None	0.0	None	0.0	None	0.0	None	0.0	None	0.0	None	0.0	None	0.0	None	8.6596e-07	12
2013-12-11 18:12:00	588.1408673385174	3723116719.1051	2.6358387698430567e+22	12784045210904.727	37.426678601398685	3334338303625.129	7.066594725977051e+21	-2.849933552652508e+24	1750.6860099982625	-0.5763889537435481	21.712961559847006	3.201905265943372	30.319903200694288	141.06939593152612	143.3695329183671	59.64220434952597	0.003301285931145691	-7.352483130204064e+23	0.5769506149807969	0.012753848357232504	-1.0130425210687248e+24	0.14870136375253712	0.20488425713402048	0.0	109.108795	96.154846	-22.508173	1.4060860000000002	-6.2709160000000015	25.313917	66560.0		False	0.0	None	0.0	None	0.0	None	0.0	None	0.0	None	0.0	None	0.0	None	0.0	None	8.731100000000002e-07	12
2013-12-11 18:24:00	587.6758223251852	3723261971.5594006	2.637142431861609e+22	12827854002006.367	44.339024188317204	2914251176937.2104	7.114750981389407e+21	-2.881504413600104e+24	1726.7254324896924	-0.5827512770616184	21.86628798334626	3.921739130434783	30.29393191299118	140.18429117354646	142.65325444351788	58.908702980460795	0.003855567320723235	-7.430474101641022e+23	0.4971166151174198	0.015048037312943841	-1.0066038558427114e+24	0.15027283149272047	0.2035741051510664	0.0	109.110512	96.044212	-22.508982	1.525177	-6.271751	25.412336	0.0		True	0.0	None	0.0	None	0.0	None	0.0	None	0.0	None	0.0	None	0.0	None	0.0	None	1.0842e-06	12
2013-12-11 18:36:00	610.0066363199953	3865730708.785	2.729025678081888e+22	13379373310923.695	57.95340199623181	4789985039838.708	7.455110971531121e+21	-3.023224582037312e+24	1698.562556495501	-0.5888793389003779	21.821067664432864	3.7196230781947435	30.133132757268573	139.16134197113936	141.22010564850152	58.64276753328465	0.0047903291450018025	-7.911022344705823e+23	0.7766964006829842	0.018870630711194082	-1.0225306564897618e+24	0.15409498970258728	0.19917381612228133	0.0	109.112274	95.933571	-22.508963	1.615588	-6.27186	25.512096	0.0		True	0.0	None	0.0	None	0.0	None	0.0	None	0.0	None	0.0	None	0.0	None	0.0	None	1.0489e-06	12
2013-12-11 18:48:00	623.8434885478255	3901667356.3938	2.804658972362455e+22	13953429883248.15	53.83958257704731	5783978127265.829	7.607925816078672e+21	-3.040711871767502e+24	1671.7105477197233	-0.5868303231129953	22.16734631405032	4.1399509221879205	30.43186168052216	137.9527404962783	139.7366738926595	57.74184165364646	0.004261820832505921	-8.090954309814947e+23	0.8981565828287363	0.017392056947298205	-1.0322922337522068e+24	0.156148215686127	0.19922321174341184	0.0	109.114021	95.822922	-22.50956	1.737148	-6.242865	25.613384	0.0		True	0.0	None	0.0	None	0.0	None	0.0	None	0.0	None	0.0	None	0.0	None	0.0	None	9.020600000000001e-07	12
2013-12-11 19:00:00	1027.3404803960611	5241740594.078601	4.562381546209367e+22	32289051768680.74	32.640885889537884	5843272443481.914	1.161222810776919e+22	-3.8372924349386e+24	1297.068026860331	-0.5512351457779279	29.684288622393872	16.623876765083438	36.83052184184089	115.52611790657991	116.57394625824942	51.433153314895094	0.0012324291444039224	-1.0225697108742818e+24	0.4327852335672013	0.008029439820390744	-1.235086123263768e+24	0.1468942941407325	0.17742272468126158	1.6660257878385982	109.115715	95.712265	-22.50980400000001	1.827919	-6.243181	25.713768	66560.0		False	0.0	None	0.0	None	0.0	None	0.0	None	0.0	None	0.0	None	0.0	None	0.0	None	8.0264e-07	12
2013-12-11 19:12:00	1202.5258746587226	5727170463.7481	5.6395011430843935e+22	44857609469983.7	73.10233598802152	8944090013608.402	1.3111168155003484e+22	-3.950647881678072e+24	1187.591676231946	-0.5194165028287765	35.856370209949496	26.646530749223928	41.51221373421705	102.57295656186504	101.26888756786377	49.068754092917345	0.002044477457993666	-1.0984541839824484e+24	0.4906909929909004	0.016801354758221518	-1.3044344000118904e+24	0.14442067424127214	0.17150218761990413	1.667000503845269	109.117409	95.601608	-22.50951	1.949581	-6.243052	25.815081	66560.0		False	0.0	None	0.0	None	0.0	None	0.0	None	0.0	None	0.0	None	0.0	None	0.0	None	7.774899999999998e-07	12
2013-12-11 19:24:00	635.7663334216071	4085910634.4478	2.9998075547821323e+22	14567351138185.148	44.62015987176959	6632434157375.191	8.162659275487671e+21	-3.1533156175154995e+24	1610.3348053969908	-0.5811204520218526	22.539869680353192	4.477079917302347	30.844118107518806	135.68792786874428	136.09761153601212	57.25807976869957	0.0031812462478090393	-8.862740893828271e+23	0.9275580424574268	0.01381404386574076	-1.0821537488565912e+24	0.16333030432367518	0.19942871312963129	0.0	109.119148	95.490952	-22.510303	2.070147	-6.2438980000000015	25.915636	0.0		True	0.0	None	0.0	None	0.0	None	0.0	None	0.0	None	0.0	None	0.0	None	0.0	None	8.3071e-07	12
2013-12-11 19:36:00	639.1372297379922	4136496649.2126	3.037050631183756e+22	14817123672173.467	54.330714329012096	7332676354023.035	8.306926140090138e+21	-3.193931879739118e+24	1591.191096190568	-0.5814073111677245	22.43394754284133	4.1887002504870585	30.728177920995225	134.46992650023643	134.62194519810768	56.874077584633504	0.0037803168890211602	-9.261262514583582e+23	1.0008699619130286	0.016611122905767488	-1.095796762776847e+24	0.1685873694044562	0.1994733367589613	0.0	109.120903	95.380302	-22.511419	2.19004	-6.245043	26.015579	0.0		True	0.0	None	0.0	None	0.0	None	0.0	None	0.0	None	0.0	None	0.0	None	0.0	None	8.8984e-07	12
2013-12-11 19:48:00	623.763783328483	4096679899.0983	3.048939875912848e+22	14552243289305.324	52.07928438110776	6738007812601.21	8.220979817527674e+21	-3.1214780581200266e+24	1607.4864564856432	-0.573740815694495	22.54864241616549	4.362134154880269	31.042022485294105	134.61171593764297	134.14971449612898	57.574454955394344	0.0036470087101616077	-9.384243564499929e+23	0.9254945154247955	0.016159141445152368	-1.1008231472763876e+24	0.17248634964343465	0.20233593147027326	0.0	109.122597	95.269646	-22.51303900000001	2.281126	-6.2466050000000015	26.11643	0.0		True	0.0	None	0.0	None	0.0	None	0.0	None	0.0	None	0.0	None	0.0	None	0.0	None	9.428100000000001e-07	12
2013-12-11 20:00:00	630.3475735269167	4152105925.801	3.105475001991216e+22	14857355463414.244	55.741683780614316	6326536778629.622	8.386321189287459e+21	-3.163980204413039e+24	1582.8758097114553	-0.5737898154660865	22.77110080505053	4.819603330400054	31.25320393352418	133.80548865712456	133.32141437892352	56.82927913373663	0.0037732135504375776	-9.561978075750496e+23	0.8400929642754941	0.0170606244846444	-1.136373482702216e+24	0.17340707846158834	0.20608205134495167	0.0	109.124352	95.159004	-22.514311	2.401657	-6.247937	26.217291	0.0		True	0.0	None	0.0	None	0.0	None	0.0	None	0.0	None	0.0	None	0.0	None	0.0	None	1.0262e-06	12
